2 3 5.74 0.5 0.0784545 -0.0187982
2 4 5.74 0.5 0.184041 -0.0497586
2 12 5.74 0.5 -0.0197571 0.0924491
2 15 5.74 0.5 0.309109 0.0783872
2 24 5.74 0.5 0.170988 0.202144
2 35 5.74 0.5 0.289392 0.267721
3 2 5.74 0.5 -0.0784545 0.0187982
3 4 5.74 0.5 0.105586 -0.0309604
3 13 5.74 0.5 0.00592762 0.0821457
3 23 5.74 0.5 0.0187001 0.184866
4 2 5.74 0.5 -0.184041 0.0497586
4 3 5.74 0.5 -0.105586 0.0309604
4 6 5.74 0.5 0.210003 0.00647383
4 14 5.74 0.5 -0.0156482 0.151108
4 16 5.74 0.5 0.185186 0.151148
4 26 5.74 0.5 0.220096 0.244386
4 33 5.74 0.5 -0.103185 0.342197
4 34 5.74 0.5 0.0360427 0.308865
5 6 5.74 0.5 0.0822474 -0.0430133
5 7 5.74 0.5 0.208052 -0.0293798
5 14 5.74 0.5 -0.143404 0.101621
5 15 5.74 0.5 -0.0026873 0.0786587
5 16 5.74 0.5 0.0574303 0.101661
5 17 5.74 0.5 0.155086 0.0758002
5 18 5.74 0.5 0.260225 0.0805938
5 23 5.74 0.5 -0.214642 0.166339
5 24 5.74 0.5 -0.140808 0.202415
5 35 5.74 0.5 -0.0224046 0.267992
6 5 5.74 0.5 -0.0822474 0.0430133
6 15 5.74 0.5 -0.0849347 0.121672
6 19 5.74 0.5 0.296625 0.12714
6 24 5.74 0.5 -0.223056 0.245429
6 27 5.74 0.5 0.108182 0.231933
7 5 5.74 0.5 -0.208052 0.0293798
7 6 5.74 0.5 -0.125805 -0.0136335
7 8 5.74 0.5 0.0753241 0.000689881
7 9 5.74 0.5 0.149648 -0.0129135
7 16 5.74 0.5 -0.150622 0.131041
7 17 5.74 0.5 -0.0529662 0.10518
7 18 5.74 0.5 0.0521731 0.109974
7 40 5.74 0.5 0.262868 0.282249
8 6 5.74 0.5 -0.201129 -0.0143234
8 7 5.74 0.5 -0.0753241 -0.000689881
8 9 5.74 0.5 0.0743236 -0.0136034
8 17 5.74 0.5 -0.12829 0.10449
8 18 5.74 0.5 -0.023151 0.109284
8 20 5.74 0.5 0.208024 0.132132
8 29 5.74 0.5 0.0940409 0.209042
8 30 5.74 0.5 0.18426 0.178414
8 37 5.74 0.5 -0.0746629 0.316708
8 39 5.74 0.5 0.0834975 0.286601
9 7 5.74 0.5 -0.149648 0.0129135
9 8 5.74 0.5 -0.0743236 0.0136034
9 10 5.74 0.5 0.143907 0.0321787
9 16 5.74 0.5 -0.30027 0.143955
9 18 5.74 0.5 -0.0974746 0.122887
9 30 5.74 0.5 0.109937 0.192017
10 11 5.74 0.5 0.0511074 -0.0223275
10 20 5.74 0.5 -0.0102071 0.113557
10 29 5.74 0.5 -0.12419 0.190466
10 40 5.74 0.5 -0.0306868 0.262984
11 10 5.74 0.5 -0.0511074 0.0223275
11 20 5.74 0.5 -0.0613146 0.135884
11 40 5.74 0.5 -0.0817942 0.285311
12 2 5.74 0.5 0.0197571 -0.0924491
12 13 5.74 0.5 0.104139 -0.0291017
12 14 5.74 0.5 0.18815 0.00890028
12 22 5.74 0.5 0.0162995 0.10443
12 23 5.74 0.5 0.116912 0.0736184
12 24 5.74 0.5 0.190745 0.109695
13 2 5.74 0.5 -0.0843821 -0.0633474
13 3 5.74 0.5 -0.00592762 -0.0821457
13 4 5.74 0.5 0.0996587 -0.113106
13 12 5.74 0.5 -0.104139 0.0291017
13 15 5.74 0.5 0.224727 0.0150398
13 22 5.74 0.5 -0.0878397 0.133531
13 23 5.74 0.5 0.0127725 0.10272
13 24 5.74 0.5 0.0866062 0.138796
13 33 5.74 0.5 -0.00352641 0.229091
13 34 5.74 0.5 0.135701 0.195759
13 35 5.74 0.5 0.20501 0.204373
14 2 5.74 0.5 -0.168393 -0.101349
14 4 5.74 0.5 0.0156482 -0.151108
14 5 5.74 0.5 0.143404 -0.101621
14 13 5.74 0.5 -0.0840105 -0.038002
14 16 5.74 0.5 0.200834 4.03822e-05
14 22 5.74 0.5 -0.17185 0.0955294
14 23 5.74 0.5 -0.071238 0.0647181
14 24 5.74 0.5 0.00259567 0.100795
14 25 5.74 0.5 0.146483 0.0608799
14 33 5.74 0.5 -0.0875369 0.191089
14 35 5.74 0.5 0.120999 0.166371
14 42 5.74 0.5 -0.179079 0.302645
15 3 5.74 0.5 -0.230655 -0.0971855
15 4 5.74 0.5 -0.125069 -0.128146
15 16 5.74 0.5 0.0601176 0.0230025
15 17 5.74 0.5 0.157773 -0.00285848
15 22 5.74 0.5 -0.312567 0.118492
15 25 5.74 0.5 0.00576603 0.083842
15 26 5.74 0.5 0.0950277 0.116241
15 28 5.74 0.5 0.276406 0.0742567
15 34 5.74 0.5 -0.0890259 0.18072
15 35 5.74 0.5 -0.0197173 0.189333
15 36 5.74 0.5 0.109698 0.221713
16 15 5.74 0.5 -0.0601176 -0.0230025
16 25 5.74 0.5 -0.0543516 0.0608395
16 26 5.74 0.5 0.03491 0.093238
16 27 5.74 0.5 0.132999 0.0872585
16 36 5.74 0.5 0.04958 0.198711
16 37 5.74 0.5 0.151283 0.186357
16 56 5.74 0.5 0.00965129 0.354976
17 4 5.74 0.5 -0.282842 -0.125287
17 5 5.74 0.5 -0.155086 -0.0758002
17 6 5.74 0.5 -0.0728386 -0.118813
17 16 5.74 0.5 -0.0976557 0.025861
17 18 5.74 0.5 0.105139 0.00479354
17 25 5.74 0.5 -0.152007 0.0867005
17 26 5.74 0.5 -0.0627457 0.119099
17 28 5.74 0.5 0.118632 0.0771152
17 37 5.74 0.5 0.0536274 0.212218
17 38 5.74 0.5 0.120014 0.195882
17 40 5.74 0.5 0.315834 0.177069
17 57 5.74 0.5 0.0285694 0.368731
18 7 5.74 0.5 -0.0521731 -0.109974
18 8 5.74 0.5 0.023151 -0.109284
18 9 5.74 0.5 0.0974746 -0.122887
18 16 5.74 0.5 -0.202795 0.0210675
18 17 5.74 0.5 -0.105139 -0.00479354
18 19 5.74 0.5 0.118647 0.00353284
18 20 5.74 0.5 0.231175 0.0228483
18 26 5.74 0.5 -0.167885 0.114305
18 27 5.74 0.5 -0.0697959 0.108326
18 29 5.74 0.5 0.117192 0.099758
18 38 5.74 0.5 0.0148749 0.191088
18 46 5.74 0.5 -0.1872 0.277563
19 8 5.74 0.5 -0.0954958 -0.112816
19 9 5.74 0.5 -0.0211723 -0.12642
19 10 5.74 0.5 0.122735 -0.0942412
19 11 5.74 0.5 0.173842 -0.116569
19 20 5.74 0.5 0.112528 0.0193155
19 26 5.74 0.5 -0.286532 0.110773
19 28 5.74 0.5 -0.105154 0.0687888
19 31 5.74 0.5 0.17651 0.0900505
19 61 5.74 0.5 0.203955 0.36046
20 7 5.74 0.5 -0.283348 -0.132822
20 8 5.74 0.5 -0.208024 -0.132132
20 11 5.74 0.5 0.0613146 -0.135884
20 18 5.74 0.5 -0.231175 -0.0228483
20 27 5.74 0.5 -0.300971 0.0854776
20 29 5.74 0.5 -0.113983 0.0769097
20 30 5.74 0.5 -0.0237636 0.0462821
20 31 5.74 0.5 0.0639817 0.070735
20 41 5.74 0.5 0.0829377 0.155368
20 60 5.74 0.5 0.00612625 0.348133
21 7 5.74 0.5 -0.382885 -0.133495
21 19 5.74 0.5 -0.212065 -0.019989
21 30 5.74 0.5 -0.1233 0.0456085
21 31 5.74 0.5 -0.035555 0.0700615
21 39 5.74 0.5 -0.224063 0.153795
21 40 5.74 0.5 -0.120016 0.148753
22 13 5.74 0.5 0.0878397 -0.133531
22 14 5.74 0.5 0.17185 -0.0955294
22 24 5.74 0.5 0.174446 0.00526512
22 32 5.74 0.5 -0.00843148 0.106934
22 33 5.74 0.5 0.0843133 0.0955593
22 42 5.74 0.5 -0.00722862 0.207115
23 2 5.74 0.5 -0.0971545 -0.166067
23 12 5.74 0.5 -0.116912 -0.0736184
23 13 5.74 0.5 -0.0127725 -0.10272
23 14 5.74 0.5 0.071238 -0.0647181
23 15 5.74 0.5 0.211955 -0.0876803
23 26 5.74 0.5 0.306983 0.0285603
23 32 5.74 0.5 -0.109044 0.137745
23 33 5.74 0.5 -0.0162989 0.126371
23 54 5.74 0.5 0.12345 0.290189
24 13 5.74 0.5 -0.0866062 -0.138796
24 14 5.74 0.5 -0.00259567 -0.100795
24 18 5.74 0.5 0.401034 -0.121822
24 25 5.74 0.5 0.143887 -0.0399146
24 32 5.74 0.5 -0.182877 0.101668
24 33 5.74 0.5 -0.0901326 0.0902942
24 34 5.74 0.5 0.0490952 0.0569629
24 35 5.74 0.5 0.118404 0.0655767
24 43 5.74 0.5 -0.081215 0.14788
24 44 5.74 0.5 0.0288776 0.165901
24 46 5.74 0.5 0.213834 0.155741
24 54 5.74 0.5 0.0496161 0.254113
25 5 5.74 0.5 -0.00307873 -0.162501
25 15 5.74 0.5 -0.00576603 -0.083842
25 16 5.74 0.5 0.0543516 -0.0608395
25 17 5.74 0.5 0.152007 -0.0867005
25 23 5.74 0.5 -0.217721 0.00383821
25 26 5.74 0.5 0.0892616 0.0323985
25 29 5.74 0.5 0.374339 0.017851
25 34 5.74 0.5 -0.0947919 0.0968775
25 35 5.74 0.5 -0.0254833 0.105491
25 36 5.74 0.5 0.103932 0.137871
25 46 5.74 0.5 0.0699466 0.195656
25 55 5.74 0.5 -0.0333894 0.315486
26 14 5.74 0.5 -0.235744 -0.0932784
26 17 5.74 0.5 0.0627457 -0.119099
26 18 5.74 0.5 0.167885 -0.114305
26 25 5.74 0.5 -0.0892616 -0.0323985
26 27 5.74 0.5 0.0980891 -0.0059795
26 34 5.74 0.5 -0.184054 0.064479
26 35 5.74 0.5 -0.114745 0.0730928
26 36 5.74 0.5 0.01467 0.105473
26 37 5.74 0.5 0.116373 0.0931189
26 38 5.74 0.5 0.18276 0.0767829
26 45 5.74 0.5 -0.134142 0.209263
26 47 5.74 0.5 0.0678118 0.161642
26 48 5.74 0.5 0.205681 0.168125
26 55 5.74 0.5 -0.122651 0.283088
26 58 5.74 0.5 0.174947 0.249783
26 67 5.74 0.5 0.106821 0.396456
27 6 5.74 0.5 -0.108182 -0.231933
27 7 5.74 0.5 0.0176228 -0.2183
27 15 5.74 0.5 -0.193117 -0.110261
27 17 5.74 0.5 -0.0353434 -0.11312
27 18 5.74 0.5 0.0697959 -0.108326
27 19 5.74 0.5 0.188443 -0.104793
27 26 5.74 0.5 -0.0980891 0.0059795
27 28 5.74 0.5 0.0832887 -0.0360043
27 34 5.74 0.5 -0.282143 0.0704585
27 36 5.74 0.5 -0.0834192 0.111452
27 40 5.74 0.5 0.280491 0.0639493
27 47 5.74 0.5 -0.0302774 0.167621
27 48 5.74 0.5 0.107592 0.174105
27 56 5.74 0.5 -0.123348 0.267717
28 5 5.74 0.5 -0.273718 -0.152915
28 7 5.74 0.5 -0.065666 -0.182295
28 10 5.74 0.5 0.227889 -0.16303
28 17 5.74 0.5 -0.118632 -0.0771152
28 18 5.74 0.5 -0.0134928 -0.0723217
28 19 5.74 0.5 0.105154 -0.0687888
28 27 5.74 0.5 -0.0832887 0.0360043
28 35 5.74 0.5 -0.296123 0.115077
28 37 5.74 0.5 -0.0650047 0.135103
28 39 5.74 0.5 0.0931557 0.104996
28 40 5.74 0.5 0.197202 0.0999537
28 47 5.74 0.5 -0.113566 0.203626
28 49 5.74 0.5 0.0964702 0.240512
29 10 5.74 0.5 0.12419 -0.190466
29 16 5.74 0.5 -0.319987 -0.0786905
29 18 5.74 0.5 -0.117192 -0.099758
29 19 5.74 0.5 0.00145498 -0.0962252
29 21 5.74 0.5 0.21352 -0.0762361
29 28 5.74 0.5 -0.103699 -0.0274363
29 30 5.74 0.5 0.0902193 -0.0306276
29 38 5.74 0.5 -0.102317 0.0913303
29 39 5.74 0.5 -0.0105433 0.0775592
29 41 5.74 0.5 0.196921 0.0784586
29 49 5.74 0.5 -0.00722883 0.213076
29 59 5.74 0.5 0.0190372 0.31509
29 61 5.74 0.5 0.20541 0.264235
30 10 5.74 0.5 0.0339707 -0.159839
30 19 5.74 0.5 -0.0887643 -0.0655976
30 20 5.74 0.5 0.0237636 -0.0462821
30 29 5.74 0.5 -0.0902193 0.0306276
30 31 5.74 0.5 0.0877453 0.0244529
30 38 5.74 0.5 -0.192536 0.121958
30 39 5.74 0.5 -0.100763 0.108187
30 40 5.74 0.5 0.0032839 0.103145
30 50 5.74 0.5 0.0372735 0.213546
30 51 5.74 0.5 0.102673 0.251708
31 18 5.74 0.5 -0.295156 -0.0935834
31 20 5.74 0.5 -0.0639817 -0.070735
31 21 5.74 0.5 0.035555 -0.0700615
31 30 5.74 0.5 -0.0877453 -0.0244529
31 39 5.74 0.5 -0.188508 0.0837338
31 40 5.74 0.5 -0.0844614 0.078692
31 50 5.74 0.5 -0.0504718 0.189093
31 58 5.74 0.5 -0.288094 0.270505
32 22 5.74 0.5 0.00843148 -0.106934
32 33 5.74 0.5 0.0927448 -0.0113743
32 34 5.74 0.5 0.231973 -0.0447055
32 42 5.74 0.5 0.00120286 0.100182
32 53 5.74 0.5 0.10404 0.143498
32 54 5.74 0.5 0.232494 0.152444
32 63 5.74 0.5 0.128362 0.267319
33 14 5.74 0.5 0.0875369 -0.191089
33 23 5.74 0.5 0.0162989 -0.126371
33 24 5.74 0.5 0.0901326 -0.0902942
33 32 5.74 0.5 -0.0927448 0.0113743
33 43 5.74 0.5 0.00891756 0.057586
33 45 5.74 0.5 0.18914 0.111452
33 65 5.74 0.5 0.186203 0.262409
34 5 5.74 0.5 0.0917132 -0.259378
34 14 5.74 0.5 -0.0516909 -0.157757
34 15 5.74 0.5 0.0890259 -0.18072
34 23 5.74 0.5 -0.122929 -0.0930393
34 24 5.74 0.5 -0.0490952 -0.0569629
34 25 5.74 0.5 0.0947919 -0.0968775
34 33 5.74 0.5 -0.139228 0.0333312
34 35 5.74 0.5 0.0693086 0.00861381
34 43 5.74 0.5 -0.13031 0.0909172
34 44 5.74 0.5 -0.0202177 0.108938
34 45 5.74 0.5 0.0499118 0.144784
34 46 5.74 0.5 0.164739 0.0987782
34 62 5.74 0.5 -0.230925 0.316093
35 14 5.74 0.5 -0.120999 -0.166371
35 15 5.74 0.5 0.0197173 -0.189333
35 23 5.74 0.5 -0.192238 -0.101653
35 24 5.74 0.5 -0.118404 -0.0655767
35 26 5.74 0.5 0.114745 -0.0730928
35 27 5.74 0.5 0.212834 -0.0790723
35 34 5.74 0.5 -0.0693086 -0.00861381
35 36 5.74 0.5 0.129415 0.0323799
35 44 5.74 0.5 -0.0895263 0.100324
35 45 5.74 0.5 -0.0193968 0.13617
35 46 5.74 0.5 0.09543 0.0901644
35 54 5.74 0.5 -0.0687877 0.188536
35 56 5.74 0.5 0.0894862 0.188645
35 57 5.74 0.5 0.20606 0.176539
35 63 5.74 0.5 -0.172919 0.303411
36 8 5.74 0.5 0.176366 -0.329062
36 16 5.74 0.5 -0.04958 -0.198711
36 24 5.74 0.5 -0.247819 -0.0979567
36 26 5.74 0.5 -0.01467 -0.105473
36 27 5.74 0.5 0.0834192 -0.111452
36 28 5.74 0.5 0.166708 -0.147457
36 34 5.74 0.5 -0.198724 -0.0409938
36 37 5.74 0.5 0.101703 -0.0123539
36 38 5.74 0.5 0.16809 -0.0286899
36 46 5.74 0.5 -0.0339849 0.0577844
36 47 5.74 0.5 0.0531418 0.0561691
36 48 5.74 0.5 0.191011 0.0626522
36 49 5.74 0.5 0.263178 0.0930557
36 55 5.74 0.5 -0.137321 0.177615
36 56 5.74 0.5 -0.0399287 0.156265
36 67 5.74 0.5 0.0921508 0.290983
37 7 5.74 0.5 -0.000661266 -0.317398
37 16 5.74 0.5 -0.151283 -0.186357
37 18 5.74 0.5 0.0515119 -0.207424
37 26 5.74 0.5 -0.116373 -0.0931189
37 27 5.74 0.5 -0.018284 -0.0990984
37 29 5.74 0.5 0.168704 -0.107666
37 36 5.74 0.5 -0.101703 0.0123539
37 38 5.74 0.5 0.0663867 -0.0163361
37 39 5.74 0.5 0.15816 -0.0301072
37 46 5.74 0.5 -0.135688 0.0701383
37 47 5.74 0.5 -0.0485614 0.068523
37 48 5.74 0.5 0.0893076 0.0750061
37 49 5.74 0.5 0.161475 0.10541
37 58 5.74 0.5 0.0585738 0.156664
37 59 5.74 0.5 0.187741 0.207424
37 68 5.74 0.5 0.0713889 0.28587
38 16 5.74 0.5 -0.21767 -0.170021
38 17 5.74 0.5 -0.120014 -0.195882
38 26 5.74 0.5 -0.18276 -0.0767829
38 28 5.74 0.5 -0.00138203 -0.118767
38 29 5.74 0.5 0.102317 -0.0913303
38 30 5.74 0.5 0.192536 -0.121958
38 37 5.74 0.5 -0.0663867 0.0163361
38 39 5.74 0.5 0.0917737 -0.0137712
38 40 5.74 0.5 0.19582 -0.018813
38 44 5.74 0.5 -0.387031 0.0966342
38 48 5.74 0.5 0.0229208 0.0913422
38 49 5.74 0.5 0.0950882 0.121746
38 51 5.74 0.5 0.295209 0.12975
38 58 5.74 0.5 -0.0078129 0.173
38 60 5.74 0.5 0.222426 0.179893
38 65 5.74 0.5 -0.319838 0.283436
38 66 5.74 0.5 -0.200791 0.308152
39 18 5.74 0.5 -0.106649 -0.177317
39 27 5.74 0.5 -0.176444 -0.0689912
39 29 5.74 0.5 0.0105433 -0.0775592
39 30 5.74 0.5 0.100763 -0.108187
39 31 5.74 0.5 0.188508 -0.0837338
39 40 5.74 0.5 0.104046 -0.00504185
39 48 5.74 0.5 -0.0688528 0.105113
39 58 5.74 0.5 -0.0995866 0.186771
40 18 5.74 0.5 -0.210695 -0.172275
40 21 5.74 0.5 0.120016 -0.148753
40 26 5.74 0.5 -0.37858 -0.0579698
40 28 5.74 0.5 -0.197202 -0.0999537
40 29 5.74 0.5 -0.0935032 -0.0725173
40 30 5.74 0.5 -0.0032839 -0.103145
40 31 5.74 0.5 0.0844614 -0.078692
40 39 5.74 0.5 -0.104046 0.00504185
40 41 5.74 0.5 0.103417 0.00594132
40 49 5.74 0.5 -0.100732 0.140559
40 50 5.74 0.5 0.0339896 0.110401
40 51 5.74 0.5 0.0993893 0.148563
40 60 5.74 0.5 0.0266059 0.198706
40 71 5.74 0.5 0.0912719 0.29823
41 21 5.74 0.5 0.0165989 -0.154695
41 29 5.74 0.5 -0.196921 -0.0784586
41 39 5.74 0.5 -0.207464 -0.000899466
41 49 5.74 0.5 -0.204149 0.134617
41 51 5.74 0.5 -0.00402815 0.142622
41 59 5.74 0.5 -0.177883 0.236631
41 60 5.74 0.5 -0.0768115 0.192765
42 2 5.74 0.5 0.0106863 -0.403994
42 4 5.74 0.5 0.194727 -0.453752
42 32 5.74 0.5 -0.00120286 -0.100182
42 33 5.74 0.5 0.0915419 -0.111556
42 43 5.74 0.5 0.100459 -0.0539699
42 45 5.74 0.5 0.280682 -0.000103474
42 53 5.74 0.5 0.102837 0.0433165
42 54 5.74 0.5 0.231291 0.0522627
42 62 5.74 0.5 -0.000155603 0.171206
42 63 5.74 0.5 0.12716 0.167138
43 22 5.74 0.5 -0.0932309 -0.153145
43 23 5.74 0.5 0.00738132 -0.183957
43 24 5.74 0.5 0.081215 -0.14788
43 32 5.74 0.5 -0.101662 -0.0462117
43 33 5.74 0.5 -0.00891756 -0.057586
43 34 5.74 0.5 0.13031 -0.0909172
43 52 5.74 0.5 -0.0890441 0.151559
43 53 5.74 0.5 0.00237738 0.0972863
43 62 5.74 0.5 -0.100615 0.225176
43 64 5.74 0.5 0.0773856 0.20785
44 25 5.74 0.5 0.11501 -0.205816
44 34 5.74 0.5 0.0202177 -0.108938
44 35 5.74 0.5 0.0895263 -0.100324
44 42 5.74 0.5 -0.210552 0.035949
44 45 5.74 0.5 0.0701295 0.0358456
44 53 5.74 0.5 -0.107715 0.0792655
44 55 5.74 0.5 0.0816202 0.10967
44 57 5.74 0.5 0.295586 0.0762148
44 63 5.74 0.5 -0.0833925 0.203087
44 64 5.74 0.5 -0.032707 0.189829
44 65 5.74 0.5 0.067193 0.186802
44 66 5.74 0.5 0.18624 0.211518
45 16 5.74 0.5 0.0992317 -0.302501
45 23 5.74 0.5 -0.172841 -0.237823
45 24 5.74 0.5 -0.099007 -0.201747
45 26 5.74 0.5 0.134142 -0.209263
45 27 5.74 0.5 0.232231 -0.215242
45 28 5.74 0.5 0.31552 -0.251246
45 34 5.74 0.5 -0.0499118 -0.144784
45 36 5.74 0.5 0.148812 -0.10379
45 42 5.74 0.5 -0.280682 0.000103474
45 43 5.74 0.5 -0.180222 -0.0538664
45 44 5.74 0.5 -0.0701295 -0.0358456
45 47 5.74 0.5 0.201954 -0.0476207
45 53 5.74 0.5 -0.177845 0.0434199
45 54 5.74 0.5 -0.0493909 0.0523662
45 55 5.74 0.5 0.0114907 0.0738249
45 64 5.74 0.5 -0.102837 0.153984
45 65 5.74 0.5 -0.00293649 0.150957
45 66 5.74 0.5 0.11611 0.175673
45 74 5.74 0.5 -0.0580693 0.258921
45 76 5.74 0.5 0.10659 0.275994
46 17 5.74 0.5 0.0820607 -0.282356
46 26 5.74 0.5 0.019315 -0.163257
46 32 5.74 0.5 -0.396711 -0.0540726
46 35 5.74 0.5 -0.09543 -0.0901644
46 36 5.74 0.5 0.0339849 -0.0577844
46 37 5.74 0.5 0.135688 -0.0701383
46 43 5.74 0.5 -0.295049 -0.00786097
46 45 5.74 0.5 -0.114827 0.0460054
46 47 5.74 0.5 0.0871268 -0.00161527
46 48 5.74 0.5 0.224996 0.00486782
46 55 5.74 0.5 -0.103336 0.11983
46 56 5.74 0.5 -0.00594374 0.0984807
46 57 5.74 0.5 0.11063 0.0863747
46 64 5.74 0.5 -0.217663 0.199989
46 77 5.74 0.5 0.105014 0.292783
47 15 5.74 0.5 -0.162839 -0.277882
47 29 5.74 0.5 0.217265 -0.176189
47 36 5.74 0.5 -0.0531418 -0.0561691
47 37 5.74 0.5 0.0485614 -0.068523
47 38 5.74 0.5 0.114948 -0.0848591
47 39 5.74 0.5 0.206722 -0.0986302
47 46 5.74 0.5 -0.0871268 0.00161527
47 49 5.74 0.5 0.210036 0.0368865
47 57 5.74 0.5 0.0235034 0.08799
47 58 5.74 0.5 0.107135 0.0881412
47 64 5.74 0.5 -0.30479 0.201604
47 68 5.74 0.5 0.11995 0.217347
48 30 5.74 0.5 0.169615 -0.2133
48 36 5.74 0.5 -0.191011 -0.0626522
48 39 5.74 0.5 0.0688528 -0.105113
48 47 5.74 0.5 -0.137869 -0.00648309
48 49 5.74 0.5 0.0721673 0.0304034
48 50 5.74 0.5 0.206889 0.000246299
48 58 5.74 0.5 -0.0307337 0.0816581
48 59 5.74 0.5 0.0984333 0.132417
48 68 5.74 0.5 -0.0179187 0.210864
48 79 5.74 0.5 0.0635778 0.316597
49 7 5.74 0.5 -0.162136 -0.422807
49 18 5.74 0.5 -0.109963 -0.312834
49 19 5.74 0.5 0.00868381 -0.309301
49 26 5.74 0.5 -0.277848 -0.198528
49 37 5.74 0.5 -0.161475 -0.10541
49 39 5.74 0.5 -0.00331448 -0.135517
49 40 5.74 0.5 0.100732 -0.140559
49 47 5.74 0.5 -0.210036 -0.0368865
49 48 5.74 0.5 -0.0721673 -0.0304034
49 50 5.74 0.5 0.134722 -0.0301571
49 51 5.74 0.5 0.200121 0.00800462
49 58 5.74 0.5 -0.102901 0.0512547
49 59 5.74 0.5 0.026266 0.102014
49 60 5.74 0.5 0.127338 0.0581478
49 68 5.74 0.5 -0.090086 0.18046
49 70 5.74 0.5 0.136923 0.191589
50 20 5.74 0.5 -0.0135099 -0.259828
50 21 5.74 0.5 0.0860268 -0.259155
50 30 5.74 0.5 -0.0372735 -0.213546
50 39 5.74 0.5 -0.138036 -0.10536
50 41 5.74 0.5 0.0694278 -0.10446
50 51 5.74 0.5 0.0653997 0.0381617
50 57 5.74 0.5 -0.321254 0.0812606
50 58 5.74 0.5 -0.237623 0.0814118
50 59 5.74 0.5 -0.108456 0.132171
50 60 5.74 0.5 -0.00738365 0.0883049
50 61 5.74 0.5 0.0779176 0.0813159
50 69 5.74 0.5 -0.133456 0.221713
51 20 5.74 0.5 -0.0789096 -0.29799
51 29 5.74 0.5 -0.192892 -0.221081
51 40 5.74 0.5 -0.0993893 -0.148563
51 41 5.74 0.5 0.00402815 -0.142622
51 48 5.74 0.5 -0.272289 -0.038408
51 50 5.74 0.5 -0.0653997 -0.0381617
51 59 5.74 0.5 -0.173855 0.0940094
51 61 5.74 0.5 0.0125179 0.0431542
51 68 5.74 0.5 -0.290207 0.172456
51 71 5.74 0.5 -0.00811737 0.149666
52 32 5.74 0.5 -0.0126182 -0.197771
52 33 5.74 0.5 0.0801265 -0.209145
52 42 5.74 0.5 -0.0114154 -0.0975891
52 44 5.74 0.5 0.199137 -0.133538
52 54 5.74 0.5 0.219875 -0.0453264
52 55 5.74 0.5 0.280757 -0.0238677
52 62 5.74 0.5 -0.011571 0.0736173
52 63 5.74 0.5 0.115744 0.0695486
52 64 5.74 0.5 0.16643 0.0562911
52 73 5.74 0.5 0.0720888 0.183475
53 5 5.74 0.5 0.219646 -0.447582
53 14 5.74 0.5 0.076242 -0.345961
53 42 5.74 0.5 -0.102837 -0.0433165
53 43 5.74 0.5 -0.00237738 -0.0972863
53 44 5.74 0.5 0.107715 -0.0792655
53 52 5.74 0.5 -0.0914215 0.0542726
53 54 5.74 0.5 0.128454 0.00894628
53 64 5.74 0.5 0.0750082 0.110564
53 65 5.74 0.5 0.174908 0.107537
53 72 5.74 0.5 -0.0825437 0.227236
53 74 5.74 0.5 0.119775 0.215501
54 24 5.74 0.5 -0.0496161 -0.254113
54 26 5.74 0.5 0.183533 -0.261629
54 34 5.74 0.5 -0.000520909 -0.19715
54 35 5.74 0.5 0.0687877 -0.188536
54 36 5.74 0.5 0.198203 -0.156156
54 42 5.74 0.5 -0.231291 -0.0522627
54 44 5.74 0.5 -0.0207386 -0.0882118
54 45 5.74 0.5 0.0493909 -0.0523662
54 46 5.74 0.5 0.164218 -0.0983717
54 53 5.74 0.5 -0.128454 -0.00894628
54 55 5.74 0.5 0.0608816 0.0214587
54 56 5.74 0.5 0.158274 0.000109003
54 63 5.74 0.5 -0.104131 0.114875
54 64 5.74 0.5 -0.0534456 0.101617
54 66 5.74 0.5 0.165501 0.123306
55 24 5.74 0.5 -0.110498 -0.275571
55 35 5.74 0.5 0.00790604 -0.209995
55 45 5.74 0.5 -0.0114907 -0.0738249
55 52 5.74 0.5 -0.280757 0.0238677
55 53 5.74 0.5 -0.189335 -0.030405
55 54 5.74 0.5 -0.0608816 -0.0214587
55 56 5.74 0.5 0.0973923 -0.0213497
55 64 5.74 0.5 -0.114327 0.0801588
55 65 5.74 0.5 -0.0144272 0.0771317
55 66 5.74 0.5 0.10462 0.101848
55 69 5.74 0.5 0.401765 0.106997
55 74 5.74 0.5 -0.0695601 0.185096
55 75 5.74 0.5 -0.00425731 0.204158
55 76 5.74 0.5 0.0950997 0.202169
55 83 5.74 0.5 -0.198182 0.27388
55 85 5.74 0.5 -0.0110358 0.297492
56 36 5.74 0.5 0.0399287 -0.156265
56 37 5.74 0.5 0.141632 -0.168619
56 45 5.74 0.5 -0.108883 -0.0524752
56 49 5.74 0.5 0.303107 -0.0632094
56 54 5.74 0.5 -0.158274 -0.000109003
56 55 5.74 0.5 -0.0973923 0.0213497
56 57 5.74 0.5 0.116574 -0.012106
56 65 5.74 0.5 -0.11182 0.0984814
56 66 5.74 0.5 0.00722738 0.123197
56 77 5.74 0.5 0.110958 0.194303
56 78 5.74 0.5 0.20826 0.225812
57 36 5.74 0.5 -0.0766452 -0.144159
57 38 5.74 0.5 0.0914447 -0.172849
57 43 5.74 0.5 -0.405679 -0.0942357
57 48 5.74 0.5 0.114366 -0.0815069
57 49 5.74 0.5 0.186533 -0.0511034
57 58 5.74 0.5 0.0836318 0.000151231
57 66 5.74 0.5 -0.109347 0.135303
57 67 5.74 0.5 0.0155056 0.146824
57 68 5.74 0.5 0.0964469 0.129357
57 69 5.74 0.5 0.187798 0.140453
58 18 5.74 0.5 -0.00706196 -0.364089
58 21 5.74 0.5 0.323649 -0.340567
58 36 5.74 0.5 -0.160277 -0.14431
58 37 5.74 0.5 -0.0585738 -0.156664
58 41 5.74 0.5 0.30705 -0.185872
58 47 5.74 0.5 -0.107135 -0.0881412
58 48 5.74 0.5 0.0307337 -0.0816581
58 56 5.74 0.5 -0.200206 0.0119547
58 57 5.74 0.5 -0.0836318 -0.000151231
58 59 5.74 0.5 0.129167 0.0507593
58 66 5.74 0.5 -0.192978 0.135152
58 68 5.74 0.5 0.012815 0.129206
58 69 5.74 0.5 0.104167 0.140301
58 74 5.74 0.5 -0.367158 0.218401
58 77 5.74 0.5 -0.0892478 0.206257
58 87 5.74 0.5 -0.0837403 0.310407
58 88 5.74 0.5 0.0142365 0.310565
59 40 5.74 0.5 0.074466 -0.242573
59 48 5.74 0.5 -0.0984333 -0.132417
59 49 5.74 0.5 -0.026266 -0.102014
59 50 5.74 0.5 0.108456 -0.132171
59 57 5.74 0.5 -0.212799 -0.0509106
59 58 5.74 0.5 -0.129167 -0.0507593
59 60 5.74 0.5 0.101072 -0.0438662
59 68 5.74 0.5 -0.116352 0.0784464
59 69 5.74 0.5 -0.0250006 0.0895421
59 71 5.74 0.5 0.165738 0.0556569
60 40 5.74 0.5 -0.0266059 -0.198706
60 41 5.74 0.5 0.0768115 -0.192765
60 49 5.74 0.5 -0.127338 -0.0581478
60 50 5.74 0.5 0.00738365 -0.0883049
60 51 5.74 0.5 0.0727833 -0.0501432
60 59 5.74 0.5 -0.101072 0.0438662
60 61 5.74 0.5 0.0853012 -0.00698901
60 68 5.74 0.5 -0.217424 0.122313
60 70 5.74 0.5 0.00958515 0.133441
60 71 5.74 0.5 0.064666 0.0995231
61 39 5.74 0.5 -0.215954 -0.186676
61 41 5.74 0.5 -0.00848975 -0.185776
61 48 5.74 0.5 -0.284806 -0.0815622
61 49 5.74 0.5 -0.212639 -0.0511588
61 50 5.74 0.5 -0.0779176 -0.0813159
61 51 5.74 0.5 -0.0125179 -0.0431542
61 60 5.74 0.5 -0.0853012 0.00698901
61 69 5.74 0.5 -0.211374 0.140397
61 70 5.74 0.5 -0.0757161 0.14043
61 79 5.74 0.5 -0.221229 0.235035
61 80 5.74 0.5 -0.0914855 0.257123
62 44 5.74 0.5 0.210708 -0.207155
62 52 5.74 0.5 0.011571 -0.0736173
62 72 5.74 0.5 0.0204488 0.0993463
62 73 5.74 0.5 0.0836598 0.109858
62 82 5.74 0.5 0.0032957 0.198812
63 45 5.74 0.5 0.153522 -0.167241
63 47 5.74 0.5 0.355476 -0.214862
63 55 5.74 0.5 0.165013 -0.0934163
63 64 5.74 0.5 0.0506855 -0.0132575
63 65 5.74 0.5 0.150586 -0.0162846
63 72 5.74 0.5 -0.106866 0.103415
63 73 5.74 0.5 -0.0436553 0.113926
63 74 5.74 0.5 0.0954527 0.09168
63 75 5.74 0.5 0.160755 0.110742
63 82 5.74 0.5 -0.124019 0.20288
63 84 5.74 0.5 0.0526848 0.212262
63 85 5.74 0.5 0.153977 0.204076
64 23 5.74 0.5 -0.0700042 -0.391807
64 32 5.74 0.5 -0.179048 -0.254062
64 45 5.74 0.5 0.102837 -0.153984
64 53 5.74 0.5 -0.0750082 -0.110564
64 54 5.74 0.5 0.0534456 -0.101617
64 55 5.74 0.5 0.114327 -0.0801588
64 57 5.74 0.5 0.328293 -0.113614
64 62 5.74 0.5 -0.178001 0.0173262
64 63 5.74 0.5 -0.0506855 0.0132575
64 65 5.74 0.5 0.0999 -0.00302714
64 72 5.74 0.5 -0.157552 0.116672
64 73 5.74 0.5 -0.0943408 0.127184
64 74 5.74 0.5 0.0447672 0.104937
64 84 5.74 0.5 0.00199934 0.225519
64 87 5.74 0.5 0.328185 0.196944
64 93 5.74 0.5 -0.0728373 0.331641
65 42 5.74 0.5 -0.277745 -0.150853
65 45 5.74 0.5 0.00293649 -0.150957
65 47 5.74 0.5 0.20489 -0.198577
65 50 5.74 0.5 0.549648 -0.191848
65 54 5.74 0.5 -0.0464544 -0.0985904
65 55 5.74 0.5 0.0144272 -0.0771317
65 56 5.74 0.5 0.11182 -0.0984814
65 57 5.74 0.5 0.228393 -0.110587
65 62 5.74 0.5 -0.277901 0.0203533
65 64 5.74 0.5 -0.0999 0.00302714
65 67 5.74 0.5 0.243899 0.0362366
65 74 5.74 0.5 -0.0551328 0.107965
65 76 5.74 0.5 0.109527 0.125038
65 77 5.74 0.5 0.222777 0.0958213
65 84 5.74 0.5 -0.0979007 0.228546
66 34 5.74 0.5 -0.166022 -0.320456
66 55 5.74 0.5 -0.10462 -0.101848
66 58 5.74 0.5 0.192978 -0.135152
66 65 5.74 0.5 -0.119047 -0.0247161
66 68 5.74 0.5 0.205793 -0.00594643
66 74 5.74 0.5 -0.17418 0.0832485
66 75 5.74 0.5 -0.108877 0.10231
66 76 5.74 0.5 -0.00951998 0.100322
66 77 5.74 0.5 0.103731 0.0711052
66 85 5.74 0.5 -0.115655 0.195644
66 93 5.74 0.5 -0.291784 0.309952
66 96 5.74 0.5 0.00542826 0.272501
67 39 5.74 0.5 0.167713 -0.333444
67 46 5.74 0.5 -0.126136 -0.233199
67 56 5.74 0.5 -0.13208 -0.134718
67 57 5.74 0.5 -0.0155056 -0.146824
67 59 5.74 0.5 0.197293 -0.0959133
67 66 5.74 0.5 -0.124852 -0.0115205
67 68 5.74 0.5 0.0809412 -0.0174669
67 69 5.74 0.5 0.172293 -0.00637118
67 75 5.74 0.5 -0.233729 0.0907898
67 76 5.74 0.5 -0.134372 0.0888011
67 77 5.74 0.5 -0.0211216 0.0595847
67 78 5.74 0.5 0.0761805 0.091094
67 79 5.74 0.5 0.162438 0.0882667
67 86 5.74 0.5 -0.110484 0.200027
67 87 5.74 0.5 -0.015614 0.163735
67 89 5.74 0.5 0.166884 0.169609
68 49 5.74 0.5 0.090086 -0.18046
68 58 5.74 0.5 -0.012815 -0.129206
68 65 5.74 0.5 -0.32484 -0.0187696
68 66 5.74 0.5 -0.205793 0.00594643
68 67 5.74 0.5 -0.0809412 0.0174669
68 69 5.74 0.5 0.0913515 0.0110957
68 70 5.74 0.5 0.227009 0.0111282
68 75 5.74 0.5 -0.31467 0.108257
68 76 5.74 0.5 -0.215313 0.106268
68 78 5.74 0.5 -0.0047607 0.108561
68 79 5.74 0.5 0.0814965 0.105734
68 80 5.74 0.5 0.21124 0.127821
68 81 5.74 0.5 0.321945 0.0825476
68 86 5.74 0.5 -0.191426 0.217494
68 88 5.74 0.5 0.00142144 0.181359
68 100 5.74 0.5 0.183826 0.293155
69 46 5.74 0.5 -0.298429 -0.226827
69 56 5.74 0.5 -0.304372 -0.128347
69 57 5.74 0.5 -0.187798 -0.140453
69 59 5.74 0.5 0.0250006 -0.0895421
69 60 5.74 0.5 0.126072 -0.133408
69 67 5.74 0.5 -0.172293 0.00637118
69 68 5.74 0.5 -0.0913515 -0.0110957
69 78 5.74 0.5 -0.0961122 0.0974652
69 79 5.74 0.5 -0.00985499 0.0946378
69 81 5.74 0.5 0.230594 0.0714518
69 87 5.74 0.5 -0.187907 0.170106
69 88 5.74 0.5 -0.0899301 0.170264
69 89 5.74 0.5 -0.00540896 0.17598
70 38 5.74 0.5 -0.232011 -0.313334
70 48 5.74 0.5 -0.20909 -0.221992
70 49 5.74 0.5 -0.136923 -0.191589
70 51 5.74 0.5 0.0631982 -0.183584
70 58 5.74 0.5 -0.239824 -0.140334
70 60 5.74 0.5 -0.00958515 -0.133441
70 69 5.74 0.5 -0.135658 -3.24559e-05
70 71 5.74 0.5 0.0550808 -0.0339177
70 80 5.74 0.5 -0.0157694 0.116693
70 81 5.74 0.5 0.0949362 0.0714194
70 89 5.74 0.5 -0.141067 0.175947
70 90 5.74 0.5 -0.0123028 0.214801
70 91 5.74 0.5 0.0832223 0.184401
70 97 5.74 0.5 -0.333486 0.261979
71 39 5.74 0.5 -0.195318 -0.293188
71 40 5.74 0.5 -0.0912719 -0.29823
71 61 5.74 0.5 0.0206353 -0.106512
71 70 5.74 0.5 -0.0550808 0.0339177
71 79 5.74 0.5 -0.200593 0.128523
71 80 5.74 0.5 -0.0708502 0.15061
71 81 5.74 0.5 0.0398554 0.105337
71 89 5.74 0.5 -0.196147 0.209865
72 42 5.74 0.5 -0.0202932 -0.270553
72 63 5.74 0.5 0.106866 -0.103415
72 65 5.74 0.5 0.257452 -0.1197
72 73 5.74 0.5 0.063211 0.0105112
72 93 5.74 0.5 0.0847146 0.214968
72 94 5.74 0.5 0.177903 0.192367
73 52 5.74 0.5 -0.0720888 -0.183475
73 62 5.74 0.5 -0.0836598 -0.109858
73 63 5.74 0.5 0.0436553 -0.113926
73 64 5.74 0.5 0.0943408 -0.127184
73 74 5.74 0.5 0.139108 -0.0222463
73 82 5.74 0.5 -0.0803641 0.0889541
73 83 5.74 0.5 0.010486 0.0665379
73 84 5.74 0.5 0.0963402 0.0983354
73 95 5.74 0.5 0.206748 0.208512
74 55 5.74 0.5 0.0695601 -0.185096
74 63 5.74 0.5 -0.0954527 -0.09168
74 64 5.74 0.5 -0.0447672 -0.104937
74 65 5.74 0.5 0.0551328 -0.107965
74 72 5.74 0.5 -0.202319 0.011735
74 73 5.74 0.5 -0.139108 0.0222463
74 75 5.74 0.5 0.0653027 0.0190617
74 76 5.74 0.5 0.16466 0.017073
74 82 5.74 0.5 -0.219472 0.1112
74 83 5.74 0.5 -0.128622 0.0887842
74 84 5.74 0.5 -0.0427679 0.120582
74 86 5.74 0.5 0.188548 0.128299
74 97 5.74 0.5 0.273496 0.183912
75 54 5.74 0.5 -0.0566243 -0.225617
75 63 5.74 0.5 -0.160755 -0.110742
75 65 5.74 0.5 -0.0101699 -0.127026
75 68 5.74 0.5 0.31467 -0.108257
75 74 5.74 0.5 -0.0653027 -0.0190617
75 76 5.74 0.5 0.099357 -0.00198869
75 82 5.74 0.5 -0.284775 0.0921387
75 84 5.74 0.5 -0.108071 0.10152
75 85 5.74 0.5 -0.00677852 0.0933342
75 94 5.74 0.5 -0.0897187 0.18504
75 95 5.74 0.5 0.00233696 0.211697
75 96 5.74 0.5 0.114305 0.170191
76 56 5.74 0.5 0.00229261 -0.223519
76 63 5.74 0.5 -0.260112 -0.108753
76 65 5.74 0.5 -0.109527 -0.125038
76 67 5.74 0.5 0.134372 -0.0888011
76 68 5.74 0.5 0.215313 -0.106268
76 74 5.74 0.5 -0.16466 -0.017073
76 75 5.74 0.5 -0.099357 0.00198869
76 78 5.74 0.5 0.210553 0.00229295
76 79 5.74 0.5 0.29681 -0.000534396
76 83 5.74 0.5 -0.293282 0.0717112
76 84 5.74 0.5 -0.207428 0.103509
76 86 5.74 0.5 0.0238878 0.111226
76 87 5.74 0.5 0.118758 0.0749337
76 95 5.74 0.5 -0.09702 0.213685
77 47 5.74 0.5 -0.0178874 -0.294399
77 57 5.74 0.5 0.00561597 -0.206409
77 59 5.74 0.5 0.218415 -0.155498
77 65 5.74 0.5 -0.222777 -0.0958213
77 67 5.74 0.5 0.0211216 -0.0595847
77 68 5.74 0.5 0.102063 -0.0770516
77 76 5.74 0.5 -0.113251 0.0292164
77 78 5.74 0.5 0.0973021 0.0315093
77 85 5.74 0.5 -0.219386 0.124539
77 86 5.74 0.5 -0.0893627 0.140442
78 55 5.74 0.5 -0.305652 -0.204462
78 57 5.74 0.5 -0.0916862 -0.237918
78 67 5.74 0.5 -0.0761805 -0.091094
78 68 5.74 0.5 0.0047607 -0.108561
78 69 5.74 0.5 0.0961122 -0.0974652
78 71 5.74 0.5 0.286851 -0.13135
78 77 5.74 0.5 -0.0973021 -0.0315093
78 79 5.74 0.5 0.0862572 -0.00282735
78 87 5.74 0.5 -0.0917946 0.0726408
78 88 5.74 0.5 0.00618214 0.0727985
78 89 5.74 0.5 0.0907033 0.0785146
78 96 5.74 0.5 -0.195604 0.169887
78 98 5.74 0.5 0.0191824 0.170131
79 49 5.74 0.5 0.00858951 -0.286194
79 51 5.74 0.5 0.208711 -0.278189
79 58 5.74 0.5 -0.0943115 -0.234939
79 59 5.74 0.5 0.0348555 -0.18418
79 60 5.74 0.5 0.135927 -0.228046
79 61 5.74 0.5 0.221229 -0.235035
79 66 5.74 0.5 -0.28729 -0.0997872
79 69 5.74 0.5 0.00985499 -0.0946378
79 71 5.74 0.5 0.200593 -0.128523
79 78 5.74 0.5 -0.0862572 0.00282735
79 80 5.74 0.5 0.129743 0.0220873
79 87 5.74 0.5 -0.178052 0.0754681
79 88 5.74 0.5 -0.0800751 0.0756258
79 89 5.74 0.5 0.00444603 0.0813419
79 98 5.74 0.5 -0.0670748 0.172959
79 99 5.74 0.5 0.0371421 0.173641
80 61 5.74 0.5 0.0914855 -0.257123
80 67 5.74 0.5 -0.292181 -0.110354
80 69 5.74 0.5 -0.119888 -0.116725
80 71 5.74 0.5 0.0708502 -0.15061
80 81 5.74 0.5 0.110706 -0.0452733
80 90 5.74 0.5 0.00346666 0.0981079
80 91 5.74 0.5 0.0989918 0.0677088
80 96 5.74 0.5 -0.411605 0.150627
80 99 5.74 0.5 -0.0926011 0.151553
80 100 5.74 0.5 -0.0274139 0.165334
81 60 5.74 0.5 -0.104521 -0.20486
81 71 5.74 0.5 -0.0398554 -0.105337
81 80 5.74 0.5 -0.110706 0.0452733
82 52 5.74 0.5 0.00827528 -0.272429
82 62 5.74 0.5 -0.0032957 -0.198812
82 85 5.74 0.5 0.277996 0.00119553
82 92 5.74 0.5 0.0210613 0.092837
82 93 5.74 0.5 0.101868 0.115503
83 42 5.74 0.5 -0.0939902 -0.347602
83 52 5.74 0.5 -0.0825749 -0.250013
83 73 5.74 0.5 -0.010486 -0.0665379
83 74 5.74 0.5 0.128622 -0.0887842
83 82 5.74 0.5 -0.0908502 0.0224162
83 84 5.74 0.5 0.0858541 0.0317975
83 92 5.74 0.5 -0.0697888 0.115253
83 93 5.74 0.5 0.0110175 0.137919
83 94 5.74 0.5 0.104206 0.115318
83 95 5.74 0.5 0.196262 0.141974
84 63 5.74 0.5 -0.0526848 -0.212262
84 66 5.74 0.5 0.216948 -0.20383
84 72 5.74 0.5 -0.159551 -0.108847
84 74 5.74 0.5 0.0427679 -0.120582
84 83 5.74 0.5 -0.0858541 -0.0317975
84 85 5.74 0.5 0.101292 -0.00818576
84 86 5.74 0.5 0.231315 0.00771692
84 92 5.74 0.5 -0.155643 0.0834557
84 94 5.74 0.5 0.0183519 0.08352
84 95 5.74 0.5 0.110408 0.110177
85 56 5.74 0.5 0.108428 -0.318842
85 65 5.74 0.5 -0.0033914 -0.220361
85 66 5.74 0.5 0.115655 -0.195644
85 73 5.74 0.5 -0.197632 -0.0901497
85 75 5.74 0.5 0.00677852 -0.0933342
85 76 5.74 0.5 0.106136 -0.0953229
85 83 5.74 0.5 -0.187146 -0.0236118
85 86 5.74 0.5 0.130023 0.0159027
85 94 5.74 0.5 -0.0829402 0.0917058
85 95 5.74 0.5 0.00911548 0.118362
85 96 5.74 0.5 0.121084 0.0768569
85 97 5.74 0.5 0.214971 0.0715163
86 64 5.74 0.5 -0.233315 -0.233236
86 67 5.74 0.5 0.110484 -0.200027
86 74 5.74 0.5 -0.188548 -0.128299
86 77 5.74 0.5 0.0893627 -0.140442
86 78 5.74 0.5 0.186665 -0.108933
86 85 5.74 0.5 -0.130023 -0.0159027
86 95 5.74 0.5 -0.120908 0.10246
86 96 5.74 0.5 -0.00893959 0.0609542
86 98 5.74 0.5 0.205847 0.0611987
86 99 5.74 0.5 0.310064 0.0618806
87 55 5.74 0.5 -0.213858 -0.277103
87 58 5.74 0.5 0.0837403 -0.310407
87 66 5.74 0.5 -0.109238 -0.175255
87 67 5.74 0.5 0.015614 -0.163735
87 76 5.74 0.5 -0.118758 -0.0749337
87 77 5.74 0.5 -0.00550754 -0.10415
87 78 5.74 0.5 0.0917946 -0.0726408
87 80 5.74 0.5 0.307795 -0.0533808
87 84 5.74 0.5 -0.326186 0.0285749
87 86 5.74 0.5 -0.0948702 0.0362919
87 89 5.74 0.5 0.182498 0.00587382
87 96 5.74 0.5 -0.10381 0.097246
87 97 5.74 0.5 -0.00992208 0.0919055
87 98 5.74 0.5 0.110977 0.0974905
87 99 5.74 0.5 0.215194 0.0981724
88 59 5.74 0.5 0.114931 -0.259806
88 67 5.74 0.5 -0.0823627 -0.163893
88 68 5.74 0.5 -0.00142144 -0.181359
88 70 5.74 0.5 0.225588 -0.170231
88 78 5.74 0.5 -0.00618214 -0.0727985
88 79 5.74 0.5 0.0800751 -0.0756258
88 86 5.74 0.5 -0.192847 0.0361341
88 87 5.74 0.5 -0.0979767 -0.000157725
88 89 5.74 0.5 0.0845211 0.00571609
88 90 5.74 0.5 0.213285 0.0445694
88 98 5.74 0.5 0.0130003 0.0973328
88 99 5.74 0.5 0.117217 0.0980147
88 100 5.74 0.5 0.182404 0.111795
89 56 5.74 0.5 -0.298963 -0.304327
89 67 5.74 0.5 -0.166884 -0.169609
89 78 5.74 0.5 -0.0907033 -0.0785146
89 79 5.74 0.5 -0.00444603 -0.0813419
89 81 5.74 0.5 0.236003 -0.104528
89 86 5.74 0.5 -0.277368 0.030418
89 90 5.74 0.5 0.128764 0.0388533
89 98 5.74 0.5 -0.0715208 0.0916167
89 99 5.74 0.5 0.0326961 0.0922986
90 69 5.74 0.5 -0.123355 -0.214833
90 78 5.74 0.5 -0.219467 -0.117368
90 80 5.74 0.5 -0.00346666 -0.0981079
90 81 5.74 0.5 0.107239 -0.143381
90 87 5.74 0.5 -0.311262 -0.0447271
90 88 5.74 0.5 -0.213285 -0.0445694
90 89 5.74 0.5 -0.128764 -0.0388533
90 98 5.74 0.5 -0.200285 0.0527634
90 99 5.74 0.5 -0.0960677 0.0534453
90 100 5.74 0.5 -0.0308806 0.0672259
90 101 5.74 0.5 0.101125 0.0889888
91 59 5.74 0.5 -0.193879 -0.273976
91 70 5.74 0.5 -0.0832223 -0.184401
91 89 5.74 0.5 -0.224289 -0.00845414
91 90 5.74 0.5 -0.0955251 0.0303992
91 101 5.74 0.5 0.00559964 0.119388
92 72 5.74 0.5 -0.00390823 -0.192302
92 82 5.74 0.5 -0.0210613 -0.092837
92 83 5.74 0.5 0.0697888 -0.115253
92 84 5.74 0.5 0.155643 -0.0834557
92 93 5.74 0.5 0.0808063 0.0226661
93 82 5.74 0.5 -0.101868 -0.115503
93 83 5.74 0.5 -0.0110175 -0.137919
93 84 5.74 0.5 0.0748366 -0.106122
93 85 5.74 0.5 0.176129 -0.114308
93 92 5.74 0.5 -0.0808063 -0.0226661
93 94 5.74 0.5 0.0931886 -0.0226018
94 66 5.74 0.5 0.198596 -0.28735
94 74 5.74 0.5 0.0244159 -0.204102
94 84 5.74 0.5 -0.0183519 -0.08352
94 85 5.74 0.5 0.0829402 -0.0917058
94 86 5.74 0.5 0.212963 -0.0758031
94 93 5.74 0.5 -0.0931886 0.0226018
94 95 5.74 0.5 0.0920556 0.0266567
94 96 5.74 0.5 0.204024 -0.0148489
95 74 5.74 0.5 -0.0676397 -0.230758
95 85 5.74 0.5 -0.00911548 -0.118362
95 86 5.74 0.5 0.120908 -0.10246
95 93 5.74 0.5 -0.185244 -0.00405497
96 74 5.74 0.5 -0.179608 -0.189253
96 75 5.74 0.5 -0.114305 -0.170191
96 77 5.74 0.5 0.0983023 -0.201396
96 78 5.74 0.5 0.195604 -0.169887
96 84 5.74 0.5 -0.222376 -0.0686711
96 86 5.74 0.5 0.00893959 -0.0609542
96 87 5.74 0.5 0.10381 -0.097246
96 88 5.74 0.5 0.201787 -0.0970883
96 95 5.74 0.5 -0.111968 0.0415056
96 97 5.74 0.5 0.0938877 -0.00534059
97 76 5.74 0.5 -0.108836 -0.166839
97 77 5.74 0.5 0.00441454 -0.196056
97 78 5.74 0.5 0.101717 -0.164546
97 85 5.74 0.5 -0.214971 -0.0715163
97 86 5.74 0.5 -0.0849482 -0.0556136
97 88 5.74 0.5 0.107899 -0.0917477
97 89 5.74 0.5 0.19242 -0.0860316
97 98 5.74 0.5 0.120899 0.00558506
97 100 5.74 0.5 0.290303 0.0200476
98 67 5.74 0.5 -0.095363 -0.261225
98 68 5.74 0.5 -0.0144217 -0.278692
98 78 5.74 0.5 -0.0191824 -0.170131
98 87 5.74 0.5 -0.110977 -0.0974905
98 88 5.74 0.5 -0.0130003 -0.0973328
98 97 5.74 0.5 -0.120899 -0.00558506
98 100 5.74 0.5 0.169404 0.0144625
99 69 5.74 0.5 -0.0272871 -0.268278
99 71 5.74 0.5 0.163451 -0.302164
99 79 5.74 0.5 -0.0371421 -0.173641
99 87 5.74 0.5 -0.215194 -0.0981724
99 88 5.74 0.5 -0.117217 -0.0980147
99 89 5.74 0.5 -0.0326961 -0.0922986
99 98 5.74 0.5 -0.104217 -0.000681906
99 100 5.74 0.5 0.0651872 0.0137806
99 101 5.74 0.5 0.197192 0.0355435
100 69 5.74 0.5 -0.0924743 -0.282059
100 87 5.74 0.5 -0.280381 -0.111953
100 88 5.74 0.5 -0.182404 -0.111795
100 89 5.74 0.5 -0.0978833 -0.106079
100 90 5.74 0.5 0.0308806 -0.0672259
100 91 5.74 0.5 0.126406 -0.0976251
100 97 5.74 0.5 -0.290303 -0.0200476
100 99 5.74 0.5 -0.0651872 -0.0137806
100 101 5.74 0.5 0.132005 0.0217629
101 70 5.74 0.5 -0.088822 -0.303789
101 80 5.74 0.5 -0.104591 -0.187097
101 89 5.74 0.5 -0.229889 -0.127842
101 91 5.74 0.5 -0.00559964 -0.119388
101 99 5.74 0.5 -0.197192 -0.0355435
101 100 5.74 0.5 -0.132005 -0.0217629
